30
6 10001 26 10001 10001 10001 14 10001 10001 10001 11 2 10001 10001 10001 10001 10001 0 10001 10001 10001 16 10001 10001 5 10001 10001 10001 10001 10001
10001 10001 10001 0 19 27 28 23 10001 10001 10001 0 10001 10001 10001 10001 10001 4 30 10001 10001 10001 10001 10001 10001 10001 10001 10001 10001 24
10001 10001 10001 10001 10001 10001 10001 10001 16 10001 8 10001 10001 10001 10001 10001 10001 10001 11 0 10001 14 10001 10001 10001 10001 13 10001 10001 25
10001 20 10001 8 10001 10001 10001 10001 10001 10001 10001 10001 10001 10001 29 10001 10001 10001 27 10001 10001 10001 30 10001 10001 18 10001 10001 3 10001
10001 10001 24 10001 10001 10001 10001 11 10001 13 17 10001 1 10001 7 10001 10001 10001 10001 10001 1 10001 10001 10001 10001 19 10001 10001 12 26
10001 10001 10001 10001 6 8 5 10001 10001 10001 10001 5 10001 10001 10001 0 10001 10001 10001 10001 10001 28 10001 10001 10001 10001 24 10001 10001 25
10001 10001 2 25 5 10001 10001 29 10001 10001 10001 10001 10001 10001 10001 10001 1 10001 10001 10001 8 10001 10001 10001 10001 10001 17 10001 10001 10001
8 10001 10001 10001 27 10001 10001 10001 10001 25 7 10001 17 10001 10001 10001 9 14 4 10001 10001 10001 28 10001 10001 10001 8 3 10001 10001
14 10001 10001 10 10001 10001 10001 10001 13 10001 10001 10001 10001 10001 10001 10001 10001 10001 23 28 10001 10001 11 10001 10001 10001 24 10001 20 10001
23 16 26 10001 10001 10 10001 23 10001 10001 28 10001 19 10001 10001 19 10001 10001 10001 10001 10001 10001 10001 19 10001 10001 4 4 10001 10001
10001 10001 11 10001 10001 10001 10001 10001 10001 10001 10001 10001 10001 10001 10001 26 10001 10001 10001 10001 3 10001 10001 25 10001 10001 10001 10001 10001 10001
10001 18 10001 10001 27 13 10001 2 10001 10001 10001 5 10001 28 10001 10001 10001 10001 17 10001 10001 10001 10001 5 10001 10001 10001 10001 10001 10001
10001 27 10001 29 24 10001 10001 10001 10001 10001 10001 8 10001 10001 10001 24 4 10001 10001 10001 10001 10001 25 10001 10001 10001 10001 13 10001 10001
10001 10001 0 10001 21 13 10001 10001 10001 18 10001 10 10001 10001 10001 10001 10001 10001 2 10001 10001 10001 10001 10001 10001 10001 10001 10001 10001 10001
10001 10001 11 10001 10001 14 19 8 10001 10001 18 10001 10001 14 10001 10001 5 10001 28 10001 10001 10001 10001 10001 10001 10001 10001 10001 10001 10001
10001 10001 10001 10001 12 11 10001 9 10001 0 8 1 19 12 10001 10001 10001 14 9 10001 10001 10001 10001 10001 10001 10001 10001 12 10001 10001
10001 10001 10001 10001 10001 10001 10001 14 10001 10001 10001 10001 15 29 17 10001 10001 10001 10001 10001 10001 24 10001 10001 10001 10001 10001 27 10001 10001
6 10001 10001 10001 10001 10001 10001 10001 10001 10001 10001 30 10001 2 7 10001 10001 10001 10001 8 10001 10001 28 10001 9 0 10001 10001 30 14
28 0 20 10001 10001 3 10001 10001 22 10001 2 10001 10001 17 10001 13 24 10001 10001 10001 26 10001 10001 10001 10001 10001 10001 21 10001 10001
10001 25 10001 17 10001 10001 10001 10001 10001 25 10001 1 10001 25 10001 10001 10001 10001 27 10001 10001 18 15 10001 10001 6 10001 1 10001 10001
11 10001 10001 10001 21 10001 26 10001 10001 10001 16 10001 10001 10001 10001 10001 10001 10001 10001 10001 10001 14 10001 10001 10001 10001 10001 28 14 10001
10001 10001 10001 10001 18 10001 10001 10001 10001 10001 29 10001 10001 17 10001 10001 10001 10001 10001 10001 10001 10001 10001 10001 23 10001 10001 22 24 10001
10001 15 10001 10001 10001 10001 5 15 10001 19 10001 10001 10001 10001 10001 10001 10001 10001 10001 10001 6 29 10001 10001 10001 10001 10001 10001 21 10001
10001 10001 10001 10001 10001 10001 10001 10001 10001 10001 10001 27 9 10001 6 10001 10001 10001 20 10001 25 10001 10001 10001 10001 18 10001 10001 10001 10001
10001 10001 4 10001 10001 10001 10001 10001 20 12 10001 10001 10001 22 28 24 10001 10001 10001 29 10001 10001 20 10001 10001 10001 10001 30 10001 10001
10001 10001 10001 10001 10001 10001 10001 10001 10001 10001 10001 8 10001 4 10001 10001 1 10001 10001 10001 10001 10001 10001 10001 10001 22 10001 10001 10001 1
16 10 10001 10001 10001 10001 2 10001 10001 12 10001 24 10001 12 10001 1 10001 10001 10001 10001 10001 24 10001 10001 10001 10 10001 10001 10001 10001
10001 10 10001 10001 10001 10001 10001 11 10001 10001 25 10001 10001 10001 10001 10001 10001 1 2 10001 10001 10001 28 22 10001 10001 10001 10001 7 10001
10001 10001 10001 26 18 10001 10001 10001 10001 10001 10001 10001 10001 10001 10001 10001 1 10001 10001 10001 25 10001 19 10001 10001 10001 10001 10001 10001 10001
10001 10001 10001 29 10001 10001 10001 10001 10001 10001 2 10001 10001 10001 10001 10001 10001 10001 10001 10001 10001 4 10001 10001 10001 1 10001 10001 10001 25
