20
10001 7 3 10001 10001 10001 10001 10001 10001 2 10001 10001 9 10001 10001 10001 10001 10001 10001 10001
10001 10001 10001 20 10001 10001 10001 6 10001 10001 10001 10001 14 10001 10001 10001 10001 13 10001 5
12 10001 10001 7 10001 20 10001 1 10001 10001 10001 10001 10001 10001 10001 10001 17 10001 10001 20
10001 10001 10001 18 10001 10001 10001 10001 10001 10001 10001 10001 10001 10001 10001 12 10001 12 12 10001
10001 10001 10001 10001 13 10001 15 19 10001 10001 10001 10001 10001 10001 16 10001 20 10001 6 10
10001 8 10001 10001 10001 10001 10001 10001 10 13 6 10001 10001 10001 17 10001 10001 10001 10001 10001
14 10001 10001 10001 10001 10001 0 19 7 10001 12 6 10001 8 10001 16 16 10001 10001 10001
10001 10001 10001 10001 10001 0 10001 10001 10001 1 10001 2 10001 10001 10001 11 10001 10001 10001 10001
4 10001 10001 10001 10001 8 10001 10001 10001 10001 10001 10001 10001 10001 10001 10001 10001 10001 10001 10001
1 6 9 10001 10001 10001 20 9 10001 10001 10001 10001 10001 10001 10001 10001 20 10001 10001 10001
10001 10001 10001 10001 13 10001 17 10001 10001 10001 10001 10001 10001 10001 10001 2 9 9 11 10001
19 10001 16 10001 0 10001 10001 9 10001 10001 2 10001 1 10001 10001 10001 20 10001 10001 10001
10001 16 10001 10001 10001 10001 10001 10 3 10001 10001 10001 10001 20 10001 7 10001 10001 10001 10001
10001 18 12 10001 10001 10001 10001 10001 10001 10001 14 10001 10001 12 17 10001 10001 10001 10001 10001
10001 10001 10001 10001 10001 10001 0 10001 10001 10001 18 10001 10001 10001 3 10001 10001 10001 10001 10001
12 10001 10001 7 7 10001 10001 10001 10001 10001 10001 10001 10001 10001 12 10001 5 10001 10001 10001
10001 10001 10001 10001 11 10001 10001 10001 10001 10001 10001 10001 10001 10001 10001 10001 10001 10001 10001 10001
10001 10001 10001 10001 4 10001 10001 10001 10001 0 10001 10001 6 10001 8 2 17 10001 10001 10001
6 10001 10001 10001 10001 10001 10001 10001 10001 10001 1 10001 10001 4 12 10001 10001 10001 10001 18
10001 10001 10001 10001 10001 17 10001 0 10001 10001 10001 10001 15 10001 10001 10001 1 10001 12 10001
