16
10001 10001 10001 10001 10001 10001 10001 10001 1 10001 10001 10001 14 10001 11 10001
10001 10001 14 10001 10001 10001 10001 10 7 10001 10001 10001 10001 10001 16 10001
10001 4 10001 10001 10001 3 10001 10001 10001 9 10 10 10001 10001 10001 10001
10001 10001 10 10001 10001 10001 3 10001 10001 10001 10001 10001 16 0 10001 10001
10001 10001 2 6 10001 10001 10001 10001 10001 10001 10001 10001 2 10001 10001 10001
10001 7 10001 4 10001 15 10001 5 10001 10001 10 10001 14 10001 10001 10001
10001 10001 10001 10001 10001 10001 10001 10001 10001 10001 11 10001 10 10001 10001 10001
10001 10001 10001 4 10001 10001 10001 10001 10001 10001 10001 0 10001 10001 10001 10001
10001 10001 10001 10001 10001 9 4 10001 16 5 10001 10001 10001 10001 2 10001
10001 10001 16 10001 10001 10001 10001 10001 10001 10001 10001 10001 10001 10001 8 10001
10001 10001 3 9 10001 10001 7 10001 10001 10001 10001 10001 10001 10001 10001 5
9 15 10001 10 10001 10001 16 10 10001 10001 11 10001 12 10001 7 10001
10001 10001 5 10001 8 10001 10001 10001 10 10001 10001 10001 10001 7 10001 9
10001 10001 10001 7 6 10001 10001 10001 10001 10001 2 10001 10001 16 1 2
13 10001 10001 10001 10001 10001 10001 10001 10001 12 16 10001 10001 10001 10001 10001
10001 10001 1 10001 0 10001 10001 10001 10001 10001 7 9 1 10001 10001 10001
